x <- c(35.84122,28.95458,36.02971,33.13809,39.55091,
       39.48182,27.52009,32.58105,31.54865,36.73312,
       33.87558,30.05730,29.45515,38.70321,34.80034,
       35.86523,32.76480,35.94576,30.44356,38.75483,
       31.21475,33.15148,36.17373,28.34059,40.52086,
       39.34035,34.26828,41.92718,34.83630,43.46855)


